Initial Balance: $   300000.00
   Years to pay:            15
  Interest Rate:         3.875%

Monthly Payment: $     2200.32

Period   Principal   Interest     Balance
     1     1231.57     968.75   298768.43
     2     1235.55     964.77   297532.89
     3     1239.54     960.78   296293.35
     4     1243.54     956.78   295049.81
     5     1247.55     952.77   293802.26
     6     1251.58     948.74   292550.68
     7     1255.62     944.69   291295.05
     8     1259.68     940.64   290035.38
     9     1263.75     936.57   288771.63
    10     1267.83     932.49   287503.80
    11     1271.92     928.40   286231.88
    12     1276.03     924.29   284955.85

   169     2116.82      83.50    23741.05
   170     2123.65      76.66    21617.40
   171     2130.51      69.81    19486.88
   172     2137.39      62.93    17349.49
   173     2144.29      56.02    15205.20
   174     2151.22      49.10    13053.98
   175     2158.17      42.15    10895.81
   176     2165.13      35.18     8730.68
   177     2172.13      28.19     6558.55
   178     2179.14      21.18     4379.41
   179     2186.18      14.14     2193.24
   180     2193.24       7.08       -0.00

 Total Interest: $    96057.34
 Total Payments: $   396057.34

Initial Balance: $   123456.00
   Years to pay:            20
  Interest Rate:         4.500%

Monthly Payment: $      781.04

Period   Principal   Interest     Balance
     1      318.08     462.96   123137.92
     2      319.28     461.77   122818.64
     3      320.47     460.57   122498.17
     4      321.68     459.37   122176.49
     5      322.88     458.16   121853.61
     6      324.09     456.95   121529.52
     7      325.31     455.74   121204.21
     8      326.53     454.52   120877.68
     9      327.75     453.29   120549.93
    10      328.98     452.06   120220.95
    11      330.22     450.83   119890.73
    12      331.45     449.59   119559.28

   229      746.74      34.31     8401.27
   230      749.54      31.50     7651.73
   231      752.35      28.69     6899.38
   232      755.17      25.87     6144.21
   233      758.00      23.04     5386.21
   234      760.85      20.20     4625.36
   235      763.70      17.35     3861.67
   236      766.56      14.48     3095.10
   237      769.44      11.61     2325.67
   238      772.32       8.72     1553.34
   239      775.22       5.83      778.13
   240      778.13       2.92       -0.00

 Total Interest: $    63994.47
 Total Payments: $   187450.47

Initial Balance: $   654321.00
   Years to pay:            30
  Interest Rate:         4.875%

Monthly Payment: $     3462.72

Period   Principal   Interest     Balance
     1      804.54    2658.18   653516.46
     2      807.81    2654.91   652708.65
     3      811.09    2651.63   651897.56
     4      814.39    2648.33   651083.17
     5      817.70    2645.03   650265.48
     6      821.02    2641.70   649444.46
     7      824.35    2638.37   648620.11
     8      827.70    2635.02   647792.40
     9      831.06    2631.66   646961.34
    10      834.44    2628.28   646126.90
    11      837.83    2624.89   645289.07
    12      841.23    2621.49   644447.84

   349     3298.29     164.43    37177.60
   350     3311.69     151.03    33865.91
   351     3325.14     137.58    30540.77
   352     3338.65     124.07    27202.12
   353     3352.21     110.51    23849.91
   354     3365.83      96.89    20484.08
   355     3379.50      83.22    17104.58
   356     3393.23      69.49    13711.34
   357     3407.02      55.70    10304.33
   358     3420.86      41.86     6883.47
   359     3434.76      27.96     3448.71
   360     3448.71      14.01        0.00

 Total Interest: $   592258.40
 Total Payments: $  1246579.40

